107706084864577536
183457303507238912
126877627012218881
230327151281438721
121120317321117696
326970287025422336
175870797062078464
255595157380923392
245874556378677249
92265303731363840
390766313745809408
229966888669675520
358141713312907265
765965255637467216
123134717062152196
183406315895259136
195497927752286208
215246116726243328
442266930477268993
297651090604949504
161018434052685825
280607786109370378
239109030180683778
248013709211860992
168365621887762432
125904013412532225
597661493634269184
342545686342008844
93610329417719808
259444470267904001
147886562355445760
225915926782935040
338254435618914305
256609003990155267
284554738094178306
160368872694874112
227418441462579200
128501170871205888
155218589513678848
263821899220516864
194359354609238016
177322092348440576
152604075538644992
813639489507426334
240584761909706752
198013000169422849
180857352281391106
229883966310580224
250896538706903043
586424531372081171
1051458994641834024
182409565483040768
214242664680390656
149953585394745344
782882882745401354
892764506252537927
208453980672491520
162102037046231040
279480420649664514
368518122052780032
103066604513808384
301578857063120897
103916906490114048
210286803045974016